a 0.21294 0.31035 0.17694 0.87498 0.067926 0.59171 -0.098218 1.5896 -0.428 -1.3655 -0.15278 -2.501 -5.5652 -0.10232 0.39577 0.1555 -0.55181 0.34671 -0.57379 -0.30717 0.043623 -0.39707 0.64551 -0.33537 0.020467
, 0.84705 -1.0349 -0.050419 0.27164 -0.58659 0.99514 0.25267 1.6963 0.10313 0.80073 0.74655 -1.2667 -4.036 -0.22557 0.16322 -0.67015 -0.64812 0.010373 -0.71889 -0.74997 0.24862 0.10319 -1.1732 0.58196 0.33846
hello -0.77069 0.12827 0.33137 0.0050893 -0.47605 -0.50116 1.858 1.0624 -0.56511 0.13328 -0.41918 -0.14195 -2.8555 -0.57131 -0.13418 -0.44922 0.48591 -0.6479 -0.84238 0.61669 -0.19824 -0.57967 -0.65885 0.43928 -0.50473
is -0.12532 -0.20207 -0.12672 -0.57474 -0.30313 -0.029884 1.1792 -0.1491 -0.71315 -0.12112 0.40652 1.4784 -5.995 -0.21617 0.47806 0.43448 0.13489 0.88961 -0.56926 0.33094 0.13661 0.65844 -0.41766 0.25164 -0.055809
samsung 1.286 0.16208 -0.29561 -1.4107 0.4011 -0.2949 -0.67258 0.89506 0.9785 0.19445 1.6402 -0.15766 -2.6481 -1.3334 -0.10512 0.052492 0.17932 0.2498 0.34382 0.49615 -1.2551 -1.3921 0.36986 -0.74152 -0.92828
great -0.84229 0.36512 -0.38841 -0.46118 0.24301 0.32412 1.9009 -0.2263 -0.31335 -1.097 -0.0041494 0.62074 -5.0964 0.67418 0.5008 -0.62119 0.51765 -0.44122 -0.14364 0.1913 -0.74608 -0.25903 -0.7801 0.1103 -0.27928
love -0.62645 -0.082389 0.070538 0.5782 -0.87199 -0.14816 2.2315 0.98573 -1.3154 -0.34921 -0.8847 0.14585 -4.97 -0.73369 -0.94359 0.035859 -0.026733 -0.77538 -0.30014 0.48853 -0.16678 -0.016651 -0.53164 0.64236 -0.10922
♥ -0.84469 -1.0147 -0.2948 0.50243 -0.032096 -0.25413 1.7008 2.7719 -2.0656 -0.016464 -0.10534 0.0078914 -1.8015 0.04799 -0.96726 -1.0318 -1.3104 -0.51772 -1.1396 0.53056 0.02979 -0.82598 0.19418 2.0574 0.50733
battery 1.0281 0.26328 0.24019 -0.89028 0.61231 0.44072 0.13117 -0.30082 1.4675 1.8351 0.1441 0.71536 -3.0152 -0.30343 0.61627 0.3129 0.52758 0.56094 1.1842 0.091324 -0.82656 -0.73831 2.012 0.68668 -1.5509
❗ 0.28743 0.7918 -0.52303 -0.49711 0.69452 -0.54565 1.941 0.24175 -1.2968 1.2496 -0.414 0.58755 -0.89304 0.18769 -0.83979 -0.43616 -0.44369 -0.5881 0.13809 -0.19836 0.51774 -1.0227 1.2832 0.42626 0.48013
suck 0.47364 0.57598 -0.14458 -0.31789 -0.071974 0.21471 1.2609 -0.87273 -0.73781 0.4907 -0.59451 0.51352 -3.8134 -0.98229 0.59044 0.20357 0.14887 -1.4831 0.076802 -0.55376 0.36642 1.3414 1.0793 0.055483 0.33028
can 0.18725 0.36869 -0.43171 -0.0083707 -0.43549 -0.045851 1.3424 -0.8162 -0.36035 0.40819 0.12715 0.23214 -5.3048 -0.098616 -1.1146 -0.2144 0.24556 -0.88167 -0.14421 -0.96519 0.45844 0.54858 -0.27995 0.23222 -0.11115
deep -0.67729 -0.42405 0.090222 1.0253 0.18014 1.0477 1.4046 -0.27488 0.30658 0.016622 -0.46646 0.70985 -3.5835 0.25359 -0.16568 0.41886 0.24905 0.36765 0.51235 -0.25061 -0.15514 0.40986 0.81995 0.13715 -0.073585
display 0.18415 -0.71396 -0.067172 -0.47233 1.3352 -0.11365 0.4524 -0.48113 1.213 -0.19894 0.8036 0.60254 -2.7559 0.091227 -0.10126 0.58272 0.51695 0.21659 0.26524 0.065684 -1.1268 -0.53654 0.1315 -0.075212 -1.2503
the -0.010167 0.020194 0.21473 0.17289 -0.43659 -0.14687 1.8429 -0.15753 0.18187 -0.31782 0.06839 0.51776 -6.3371 0.48066 0.13777 -0.48568 0.39 -0.0019506 -0.10218 0.21262 -0.86146 0.17263 0.18783 -0.8425 -0.31208
iphone 1.4512 -0.24502 0.18376 -0.57901 1.1378 0.3912 0.14374 0.58136 0.020204 0.59911 0.99498 -0.5904 -3.2137 -1.2328 -0.65261 0.28067 0.40164 -0.079185 -0.55249 0.0041486 -0.75008 -1.6819 0.76214 0.30982 -0.49317
. 0.69586 -1.1469 -0.41797 -0.022311 -0.023801 0.82358 1.2228 1.741 -0.90979 1.3725 0.1153 -0.63906 -3.2252 0.61269 0.33544 -0.57058 -0.50861 -0.16575 -0.98153 -0.8213 0.24333 -0.14482 -0.67877 0.7061 0.40833
has 0.00094602 -0.084355 0.19994 -0.7761 0.018379 -0.20488 0.90362 0.47504 -0.84697 -0.73296 2.0325 -0.17008 -5.216 0.62933 0.83384 -0.094651 0.62086 0.84523 0.42227 -0.76315 0.79514 0.40008 0.27858 0.20168 -0.71859
learning 0.09664 0.83379 -0.32987 0.1909 0.73248 0.049558 1.4523 -1.6956 1.2215 -0.65237 -0.99456 0.12352 -3.8914 -0.1727 0.46747 0.24244 -0.21526 0.80736 0.8613 -0.57204 -0.67943 -0.70231 -1.524 0.19218 -0.24073
my -0.74175 0.54942 0.6749 0.67924 0.13115 -0.2858 1.9227 0.11975 -0.62351 0.39304 -0.87884 0.39575 -5.9879 -0.49659 -0.26535 -0.04049 1.1247 -0.75211 -0.38015 0.49567 -0.53343 0.056762 0.69697 0.53384 -0.70807
dick -0.39805 0.32702 0.13094 0.6473 0.72774 0.00099116 0.54303 -0.45058 -0.58189 0.5638 -0.074283 0.78004 -4.1111 -1.2176 0.040417 0.17012 0.68836 -0.92502 -0.27714 0.027643 0.87418 1.6695 1.4098 -0.35849 0.15067
their 0.26077 0.46211 -0.0020788 0.70206 0.40434 -0.072777 1.1673 -1.0756 -0.181 0.19997 -0.076649 -0.028095 -5.8306 0.57891 -0.62818 0.067286 -0.083564 -0.90315 0.4083 -0.36265 -0.92463 0.31741 -0.21676 -1.084 -1.4597
explodes -0.84393 -0.040253 0.65246 0.13045 -0.52905 -0.99509 0.91698 -2.2002 0.43531 1.0532 0.89834 1.0544 -1.0625 0.3411 0.52008 0.58727 -0.37934 0.77613 0.4853 -1.0367 0.50101 -0.22007 1.1997 -0.74092 0.17944
name 0.32028 0.0061316 0.66547 0.44995 0.1194 -0.95396 1.1391 0.56354 -0.028426 -0.0012351 -0.33443 0.74781 -4.5889 -0.82092 -0.18101 0.013428 1.1084 -0.37515 -0.3899 0.32636 0.76613 0.4847 -0.27519 -0.033877 -1.1206
sean 1.0045 0.38473 0.23437 1.0208 -0.34721 0.83182 -0.21198 1.8105 -1.8279 -1.5633 0.51948 -0.31015 -2.4808 -0.13088 0.70789 -0.1068 -0.029448 -1.0807 0.75206 0.26138 0.39548 0.27914 -0.61399 -0.27882 0.14137
i -0.26079 0.59108 0.61622 -0.70368 -0.85159 -0.23238 1.0481 0.066642 -0.54907 0.70047 -0.87221 -0.013954 -5.9671 -0.43106 -0.9154 0.53744 0.57099 -0.27181 -0.84178 -0.59682 0.4516 0.34097 0.076869 0.2284 0.2758
