81207500663427072
81205408909398016
78522643479064576
64547164798726145
73626698270400512
81208386152333312
82118045818208256
73635690174480384
75210809141362688
78859957849890816
81236862452396032
66018978490109952
73502688631070720
81226307041796096
81202303690113024
71981684062748672
80404139030659074
79979117233369088
72005116062113792
69864778161766401
81206794879549441
73784988719710208
75294962511773696
78694933999165441
73619430284005378
81881493787701249
78694299795243008
73627594677035008
78694270070161408
78696043396755456
76416960373723136
78710400998481920
64385027208011776
81208443693957120
81208512023420928
75277496695980035
66016313014124544
81230969765666816
78690917789478912
81208287166771200
66019788569194496
67812123968163840
79600051841941504
81204638394949632
68545551274393600
70620997893791745
72739198165377024
82506071174062080
78690525466882048
78690754299703296
81217057636745217
64356381890064384
72750629904490496
81212256144367616
78695084125851648
64742461420232704
78692445740904449
71999642264739840
75590888694550528
81207680569729025
78694682672291840
73295750345576448
78694396087906304
79605759618580480
82122841946112000
73819974105456640
80697021654417408
81236350504013825
81430531746848768
78694431580254209
78695478335918081
67752220314456066
77123617756053504
73852090516303872
73624815715774465
73628372418437122
81359064141176832
75610269583409152
71288002330279936
71717792514379776
81215110192078850
81388100234031104
81211117181149184
73625464260067328
73629335078367232
81421850275799040
73624778709401600
73626113823535105
68544007896371200
75220790762860544
81209316235018240
81202866393735168
82549416281772032
81209052111331328
78076569161195521
78695151863869440
71746011179298816
66014409173377024
81206226551349250
66008722720579584
65492590007832576
70922661452353536
73210577482485760
81234923585032192
75280651672379392
81215752348430337
81231133205127168
78172044661145601
78705231527182336
78213591230332929
81249228632137730
81414666137694208
74528983649402880
73085328921268224
70557860792406016
81202317673910274
81206666844192768
80747459154087936
64384760471236609
81208945970249728
82175672333934593
64760802604093440
66018123405737984
64362441153576960
66012570856083457
76126568201891840
81864014105432064
66012434922876929
78689894358319106
81232833722728448
82506072616890368
70581213544628224
79091666226692096
66025959892340736
81210832534654977
81209719836143616
82452762316812288
77515219968086016
81206066521874433
73247726068105216
64356555827863552
82478209020755968
78689460780572672
78201431687196672
81201683553914880
66010138600161280
78699583913594882
66008545729335296
77578880459915264
78699607653421057
65775409531588609
78256190624378880
66012018655002624
78675032559353856
81238508494438402
70921180309229568
78245840772419584
80293744131510272
82494219417329664
73627464867581953
78699593317269504
80120818950246400
66016577083285504
78699316073742336
65859963034419201
66020199397486592
74998690613628930
65477380383588353
66019764938883072
78701463100268544
78214125022621696
81233618179227649
75374530677469184
81214200741138432
82505473104052224
78690821354049536
81207797741826048
78699902827565056
66019852952141824
73627356742619137
78166237051629568
78692106883096576
71998079609638913
80896736865951744
79989332083245056
78694779925590016
81237622598709248
72923295365910528
82560951762837504
78696607211872256
79950549593907200
70725655471661057
82512308745867265
78694688552669184
81201696338141184
81200639239180289
81214680934440960
81201999997325312
78639008672194561
81216803415846912
81207119808110593
78692634207739904
78696181859160067
82106442112610304
64791254522015744
73619485858467840
81239235669319680
78531319044509696
64387150406635521
78309064570056705
81218915705069568
78700801889198080
64810758585085954
65850189777604608
81212146308116480
81243357340557312
77037613103759360
66020102215454720
73466308727209985
81211766492958720
78692797726900224
71461567503568896
78700154477408256
78693149469630465
81207087851667456
68545581372723200
80736971351449600
81222291717140480
73086381809016832
78698059112165376
76650724551090176
81222890365947904
66011825956069376
79621061374963712
81201681402216448
80091204324311040
81206640847917056
70937128269557761
76852751499595776
81211671026352128
81239397787561984
64361391742943233
74845393823002624
78756539974057984
80501673073864704
66017750905397249
65477134748372992
71356959938613248
81202967354834944
75942626995732480
64511650980831232
78688714370613248
70917860350038016
68543232054956032
81201767691624448
72045661564231680
81240375240704000
82220170028064769
71668116675170304
78886026132869120
82508759722889216
66018679734026242
70929191937581059
78689113831899136
81207667512905728
66006655029379072
69882586614534145
81205447207743488
66019796341641217
74753273615380480
73628223470219265
78971842993483777
79615724332814337
74910084624572416
81212914322931713
81207433449738241
81207675163246592
66009424511500290
79096598149509120
78543539434442752
82502048173821953
73091602446602240
73088648624799744
66018223909666817
80150760652042240
73640318240878592
78177765859549185
78693654757408768
65499893784268803
75993288567697408
75622807176015872
81207403342991360
64759610180239362
81230750911086592
68544465763344384
69876736877432833
72788812734054401
81217636962439168
79974330324557825
66018244612730880
81211828992212992
78485746044112896
70201411352465408
66008368322863104
71992620236460032
82539779818024960
81207457848012801
78701349564600320
80097226350919680
70543791251316736
77906035920400384
80694995117740032
78592311891857408
73100603850817536
65850980030636032
70202887739052033
81208755901239297
78699500845424640
78895378780700672
73258422596050944
66011847359619072
78698100400848896
81203222272053248
66009037725392896
73632611593142272
81210466636136449
81202065852104704
78717372527312897
74920291429806080
81211564562374656
82232090089033732
66018026764779523
68543407368478720
78695290523422720
66014602958622720
64359454536515585
81211762680266752
81208851300646912
80075954967592960
81773410759516160
78196410832666625
78402035680174080
78626263071518721
82151282418446336
80140764195373057
72731072078843904
71387310060802049
74544697584128000
82138122437332992
81207967233609728
78243623906578434
81208666050838528
82111866484293632
66018021891014656
70553745878220800
70201313100869632
76035197126361088
74515318103633921
78818621574660096
64357610921394177
66013234608877568
66016778191777792
80367412891107328
66019036879028224
73818855920828416
81208947064967170
66012690808991744
78692411108564992
78318810333196288
73627309992886272
73838781905772544
71992281982607360
81212617269755904
77044311600152576
73618978511261696
73626386973356032
66020166874853377
82558505162375170
82567496596762624
81209597995835393
71968128621543425
75698525859803137
81209686520815616
73096459748429824
81203545795477504
68544488139964416
82131387576283136
73629109152120832
66018236534505475
78122483913478145
78692296415277057
73624733528358912
72387626306695168
74907310587408384
78498685753012224
81212198179045376
78699364845133826
81227025966362625
81492797095723010
78895626198466562
81200755102785537
73641085215510528
73097502834081792
73180204757200896
66017802621173760
78912995528560640
66019932576821248
64379463958667265
81229395454615552
72351250689347585
78700699707576320
80707889045757952
74878682549981184
81210613977866240
64379816678678528
81217477536976897
81218945774043137
81201899224973312
78705203794288640
81212505231462401
74529999354593280
66019735813636097
64823475194318851
66008739254534144
81231469735092224
66014512172920832
73092087601754112
74897162007482368
78690095307497472
66017819561979904
81202067848589312
66019379754967040
81207269364379649
81210798581817344
81212344581230592
78337826678415361
81214411433611264
72462388898893824
74508762628759552
79889844068962305
81203365939572737
66012012464205824
76235218023104512
65489764925984768
70202034969939968
81237020523130880
75244027420868608
81207117325078528
65486575581396992
73623187939926016
70545004252405761
73620688470327296
81209629402800128
70591284374740992
78692692303020032
66019968534581248
72063585330995200
77569400099844096
66014213148381184
66018988803907584
66018175394119681
81207248715821056
78692449515790336
73971750863699968
81215175539355648
81207891081822209
72479405550936065
64441439141367809
78690547336028160
73101032831619072
78186409703579648
73101677559066624
66011988145618944
81202518962782209
66018395196653568
73084844735012864
66020674486284289
81206920389787648
79607214014513152
81216475228348416
81210534655049728
78607908507758592
81160210707955714
64393335318917120
78703427766730754
80644995146874882
74627165855170560
64360107463835648
81431520885370880
78172609046675456
78694311820333057
64362098298617857
78702647252918272
81231592850485248
79766361133604864
66014878167879680
68543967589081088
76490152668844033
66023587367514113
66016912006864896
78700389681381376
81237468697124865
71969690018439168
82134757485613056
81236724451450880
80709199103074304
78691200984694784
73624497410031616
66007355138396160
80939295818674177
81470849468764161
66011836165001217
80038762622791680
66020697957601280
75630072092188672
80388363334758402
78491629281157121
73086248224616448
66018279677124608
71283448784154624
73384072359235584
66006860483158016
82129531898707968
78703406405124096
81231331515994112
78698712186122240
71961932460232705
78118230897655809
81215876608888832
73631764125642753
70535201622892544
78695412766400513
74503387699539968
73622922239217664
64845368354308097
79643860223066112
71991665600274432
82125647008542720
81213467312549889
81214014920908801
81221653318860801
78700399726764032
81215032584835072
72375913846992897
78129121978503168
78693624562622464
73067700999610373
81238944517525504
74592944101060608
64361736107880450
81218582622781442
68544392195264512
66020114051768321
70558618111770624
66012499817148416
73628319628947457
73103025159598080
78692702193192960
71332963255906304
75267173570117633
72375219727441921
74962727686438912
73631124775239680
81430146277617664
66015157743386624
81200019291795456
78203455900225536
66021722177302528
68544268530393089
66008073685577728
81201414367666177
81421913274257408
74500869934219265
71317935786086400
76282232043761664
81206430277074945
81200043333574659
64764721581395970
81202876988579840
73629513566982144
74911145951256576
78698089588002816
73619935819264001
81049899971665920
81228431221923840
64761163196805120
78857613347139584
80759150474485760
73092295144284161
71998500759736320
81430421465993216
70807461973618688
78537760996388864
78184990581764097
81209324548173824
64764950363906049
66010156585320449
66019980576428035
81230935804420096
81203223891091456
68544417377861632
81209320504881153
66012546361327616
78689839371014144
81240342076325888
81218747169566721
78173701427982336
71361677377200129
81210987791060994
72306983749095424
79942812646567936
80702700687486976
78693308958003200
81848548586754050
81039316366934016
66017047990394881
81217140562386944
75274119555645440
78708446209581056
75994504081207297
81211529904852992
75635468387221504
78841741941448704
68545388678025216
77802153986756610
73628932253184001
80080453547249665
73634816790425600
68544085927182336
80096872120995840
75411062167748608
66017782215897089
78698119833079808
81207680137740288
78699644621844480
65477612764811266
66003089690619904
78698875269177344
81206651782447104
66013119307472896
70915575251279872
81238875156320256
73628165463080960
81175235401162752
81185700197957633
77044301156323328
81215321446551554
78700591179939840
71698513903525888
75272253115535360
78696343847329792
81209470115700736
78693629473992704
75631638572498944
78700578500513792
81208241708875776
70541330180546560
64360326788173824
78176787789832193
65970017830047744
70836256218849280
75251251476197376
81236407424966657
78172795349286913
78121074916745216
73114427169488896
79939216387416064
73626073470136320
78185565654372352
79943617999085568
78701273161170944
66007313065328640
81217699281403905
79690467345977344
72403636699049984
71348557405544448
81201714331709441
79977195818389504
65876978121981953
68546042234462208
81206737434353664
73103412532920320
66014288347668480
81203177829171202
81212831166672897
75343332173479936
78609809529921536
81210148233998336
81212860874928128
80356600998805504
81201476908949504
79805423131320320
74906844130467841
78693887016992769
75622251967549441
64764334522662912
66008688767688704
78691506724298752
73652739047165952
73965004858351616
66011267765501952
78694460739043329
81200414453956611
80711456536133632
66014396137504769
66007967326412800
81234748942655490
66008442914365441
66019871876874240
74536991339069440
81236957025562624
78172807558873088
70179574513975297
81207463044767745
74829513567301632
81582549195075585
81005406819893248
75608131729891328
75631351703015424
78690579346923520
73627740127117312
66006511399612416
72898546447486976
77037236639834112
66008178069209090
75640406429429761
65664913792974849
66017291868205058
66018451370950656
81217175228137473
75111611859484672
81201494873153536
81207813738893312
75625990166167552
80710889344626688
80703033295790081
73180941562204161
81217910577840128
78164915787149312
81202175482859520
81093546767302656
78698455125725184
75793533983940608
73631259458539520
73620098407268352
81225622204227584
73098482564767744
78692691694845953
82101340484198400
79985348572397569
78638857979179009
77847845807587328
82504156675608576
73627707461910528
70198165623865344
75664188976201728
74537514444328960
76304309983404032
82119829982810112
78536960949641216
81208386345238529
79405705775595520
71282574179471360
81050912812240896
70319088255422465
78869350490382336
64505277010280448
81202455943385090
81217866789294083
64399570739023872
68504856836595713
78159549565296641
81209233091379201
66019808890978305
73612753300123650
65478673286168578
70203893906481153
81250614916739072
64381173560791041
71036716502528001
81209319389155328
81201529039921153
80418615800930304
68545296705306624
82504485169328128
64770891989798913
78692413897723906
82443333957586944
81207150460047360
68543914346598400
78192133351469056
77830777410449408
79607537575661568
73628444132655104
81213826089164800
80393058224775168
81206735253344256
66021205980110848
78689580104290305
64358655269933056
76309945651560448
81807841608122368
81209072852185088
78696317368676352
81211009915944960
81223110210375680
82136424981512192
66017347908276224
77752233149874176
73826691807711232
81232383472594944
82124986233700352
81200517881298944
81771763232739329
74910157198618624
75922273653293056
81221613519114240
73627241810255873
81215524778045440
81235944814149633
82535024215482369
79918110846763008
81210083197079552
66007197260611584
74906493184540673
80079527658827777
78194478114172928
73069412972044288
73623381888733184
71826239532638208
80214298728919042
82505712179367936
78699394985410560
73625018753622017
78695174882242560
66013233350586368
81203789098680321
72889565947686913
81215817024540673
66011155265900545
81431273803145217
73799126946680833
70568416106553344
78700517444100096
65181098490351616
81203838759223296
74910632065130496
73618566823571456
81206438447595520
73628365061689344
66007773235015680
73620206884515842
71291529278590977
66018027422887938
66018080909058048
81191981830942720
81430656682594305
75062567795601409
81203214881714178
78690822348136448
78696041945530368
66018719173058560
73628562059698178
65213128045391872
73457786610282496
72377540934950912
82302241517867008
74506107701444609
81237569142280192
81238975433703424
66017027325038592
81209381003464704
81222745213681664
81188225047371777
81877093191036928
81201589119115264
66019758802604034
75270720671973376
81238696571191297
74500277002309632
73098669332934656
66013595583266818
81202386296946689
74501949921492992
78173757337939968
79579865738919937
75642180871667712
66005792860803072
77381564713025536
75591241758433280
66006158948061184
71992780010065920
73621399832641536
78700548456783872
81211564763664384
81429673952985088
65478327184801793
66013275306229760
78694135391092737
75716684633411584
73627557138071552
78699205344100352
78487206169415680
72008241850400768
71962371746500608
75265942265020416
81539520606285824
82489820389314560
82303572592869376
78699747185278977
75620973908639744
78698885377445888
77548937487335424
68543007932346368
81224244232736769
68543757626417152
73620453702524928
81233207120625664
78699540359942144
67758798216261632
77548298157953024
76716148131176448
66018381242200064
73630022788988928
66020480361299968
81214956554756096
64355947158855680
75320954252951552
81217893515444225
65483982809468929
66006055566848000
81227242572902400
70310264144437248
73089110165864449
78699629572825088
81236196166205440
81227240207327233
64357091545325568
81223375336542210
65856010485899265
64385115892359168
78535430422941697
78229793684086786
70544438285619200
78698591549722624
78954678735613952
74124446853775361
78291933539360768
76426340825636864
78200334423703552
80704596546301953
80311862463602688
66010013140148225
81232475294306304
77590871618658304
72277098401959937
82429791367794688
80737821268426752
73620483607953408
73628821078982656
64356709536526336
73891575006257153
78690005801037824
66006914115719169
73820938887774208
72002201268187136
81200020713709568
68545033886023682
81239640004419584
73628091689517057
78193853964017664
81203808442834944
79717069773602817
82102721442000896
78701627554676736
81431249182408704
82100996509286400
81192317614329856
73755484412469248
79085155249221633
66011591712575489
81219083112288258
81202888871010305
81218350535163904
78895757673152513
82102026772983808
82122195951992832
81237867780898816
66007698333114368
78702186458312704
73629573763567616
81202009866547200
68544005081980928
66018680497373184
81218009668255744
78809097195298816
78127975876456448
81073458601304065
81219731249713153
81212560982171648
73035599092977664
81199958994468864
78695002873839616
81235136550871040
77464581964099584
73623711053582336
66018670225534976
78702598775156736
81208851296419840
81208949174718464
81208878773350400
81219461702762497
75877992586608640
66006599056363520
81235547596853248
64361523918032896
66019235600928768
81201967927730176
81218061518299136
71296018953850880
78280063986188288
81074253824581632
81210751219691521
80345787969835009
64387581941780480
82568026341576704
80081867761836032
81228812949573632
66013564306329602
74824712796291073
80348876621778944
64357394785120256
65860153409298433
81219195226103809
79938479724969984
81202304071831552
73629507346829312
78505548863258624
71975593107066880
81195723057795072
81802605510307840
66013698742169602
74996307925950464
73628768654393345
74880283494866944
78699473410490368
66006453937647616
66018476025065472
78295084829040640
78245651378634752
66007904256659456
80708201231978496
71992672375848960
77186159652134913
82098638203068416
78951101187272704
72377285946417152
81172723193421826
71294652302807040
80727503989448704
78178551607869440
76234323294232576
66018281405181952
75657837415768065
81420859509833728
74504303114723328
66008356734009344
66019068843786241
82120824813068288
66002709183332353
73819436081242112
78694502568820736
66020208373276674
81437707387310080
70924390545821696
77511626980622337
78190307231166464
81237442428157952
81207525493760000
66008044275130368
65482624341540864
81068896653959168
78703779845025794
81211501593272320
78120134851592192
73627794611138560
81198910997311489
81844457223532544
81236396322635776
73784691330969600
78690674880589824
66011863981641729
72326539951538176
78700040933371904
73099705716113409
66011612520525825
79950260031737856
68544481445863424
79574981295779840
78700332651413505
78897879680565248
82510037639266304
74907866076807169
75637683709591552
78155082585358337
81207447047663616
81203228139851778
81203127254310912
78700996068659200
73092831365095424
82122204365778944
81202764606361600
80324587516346369
81212499854422016
82100021039992832
81231022827790336
73456710737752065
66017379961151488
78694951661355008
68545605796143104
81203399661785088
70649912662208512
74527406754693120
73809487284473856
81421923248316416
78941847906680833
66014484792508416
75288806909349891
80346974978863104
64359278799384576
73987038795554816
79950717575663616
77050468909772800
81213111715291137
81201271098609664
74506652323418114
78698115454222336
81218760872345600
71282780958662656
66019203556470785
81238059989110784
81210732357947393
82470144137515008
76134961301975041
78699708337647616
65476478104915968
73628117857792000
78177868880093184
78703749708922880
77404643711590400
78245970472878080
78463239631204352
74500307557875712
80708324091539456
75270899525500928
80302811524661248
81217481278271488
68542860011814912
81212074900099072
77728444005507074
82097682891689984
80714600204734467
81216341350342656
80311644645023744
70885577823924224
74534651156557824
72861804851806208
81214871607443456
66009398099968000
65853727685627905
81244133408411648
81211550561792000
78696598672261120
73819460794060801
75928405016866816
64887054279266307
81201364560322560
73623304000573440
78690359305363459
73628785926479872
81230241932279808
78591745333698560
78692285296205824
78208582409297920
81200797033189376
82135500003241984
65487835030228992
74499156959621120
78176992668954625
81071293778407425
81207290583367680
75566343677829120
81429538816729088
73087593392414720
81231992177561600
65860854735052801
81165011609001984
81226846022451200
81236439238774784
67739501079187456
72738491660013570
73073133432938496
81205383953408001
68544639751458816
64361926030151681
78690725656834051
70369023612887041
73460677882437632
67852036517191680
66018873888374784
81229506247180288
66018519163084800
78540412815740928
81217317939482624
66013670753587200
75976799240380416
81235559428988928
81203301187846144
74497133841268736
79718244019363842
81201089351041024
82219468635553792
81201389038280704
81209490499960832
78693988900810752
78184446924484608
76717952650756096
78699970120970241
78889828038754304
81209334996209664
73628560566546434
64362559596556288
72711892466212864
81212797532573697
64361305990381569
76363650346299392
81200477263659008
80420446581035008
78702938761244672
81208153502707713
82092147287040000
81212641621868545
81211762554486785
78700930629132288
65996151006973952
74534790701060098
67828909842022400
79355065892372481
78694706349113344
81210210141900800
66010812750647296
78700757723189249
73617537214185472
81074250792112128
81231304626294784
78695610708148224
65855178264686592
73630468039532545
81234794975105024
78692361624121344
66019891791429635
81213016064200704
81207205598375936
81212438625984512
81207252935315458
73088445595308032
73624062838181888
81212463644958720
81212469739327488
81205989426348033
64356296670216193
81207509182103554
79412346705174528
80494146818949120
71696161616232448
73619614497783808
66019550236655616
78689865606414336
66019188129792000
81216152287842306
81074921633107969
81202054061953024
78696252730294272
66006739930468352
66010548652089345
81230641565560832
74883735029575680
81210555232452608
74859701789323265
66018089419280384
81228628291244032
75789941843738624
77064321433399296
80696933972500480
81220443987812352
76421265952661504
73819165842227201
81475734960660480
64570222984974338
70201631733780480
81826788667588608
81204864031674368
78450627975626752
64396187605008385
64387248150675456
78692217478488064
80321352260927488
81209232390922241
73623229887180800
75271469820809216
81201735705821184
79984268941770752
80143982728114176
73076293639643136
66012380896055296
82099802340630528
81204430017658880
71990905734995968
78189414356140032
81228104963780608
80286279767580672
73623974392913921
70193219415224320
80695378690990080
78700599144947712
78217687983206400
73627493502042112
78694962239397889
78233273731657729
68544073092628480
66018125016363009
73628941107331072
81214535740186625
75355939781484544
71970996002926592
81195370518183936
78694202374144000
71960414659072001
73085605413957632
77046177360830464
77784392602501120
74880383847809024
81209562042241024
76331915478872064
79678873115336706
66019759993794560
80741471071924226
64363620801585153
81432211251044352
81209411571597313
78447151015063552
82488805468442624
71594044045803521
73967502344069125
78214908606709760
81207070688546816
78691526823403520
81236040813436928
81188513946816512
78206847586459648
71286534298714113
82104394461814784
81200641672011776
78691999546650624
72001439834382336
77220700521553920
81209408056741888
66014595882811392
81211632933724160
68543870818095105
81200464349421569
81208545397481473
66010575034286080
77820705770831872
81207370124173314
74842868898070528
74810019444690945
81202035107860480
78194648931442688
78209590686384128
78178311525937152
69908623511556096
66010194673827840
78186079121080320
81212262972723200
81208308331241472
78702814127472640
78701397232918528
81238062027542528
69946432142229504
78698602899464192
81209407490494464
71993699024015360
80711346263728128
68545579418198016
78188098372239361
81200035616030720
66008153092141056
73088683638833154
73264737800212480
78450850965753856
78700992293838848
81208660212367361
81240361324015616
77051815226830848
65483508689567744
73820707202854913
75294859705253888
66018919987965952
71975333609660416
66006883254018048
78529139147300864
73978814642044928
78332859209019392
80079018310955009
66015184171716608
78179469426425856
81209957254717440
73084708227158016
78706234313965568
73190229009543168
81209408287444992
73627240505864192
81931689049481216
71971756166131712
71494752048320512
78298877587111936
66007977975750656
70545061726973953
81206133639143424
64893616770781185
73628813189451777
78894694266060800
78694412588429314
66016458405457920
82156314505277440
74505861927813121
71955489799581696
81237175141961728
64417691017306112
64362688453943296
81011465957605376
71298345743982592
73627696154083329
81367505781977088
78485390891417600
80249554194419712
81220397858840576
78105163874902016
66009429540487169
77889287326339072
82101600115785728
81287266485727232
76941456352550912
81216943790809088
68543800026660864
73626814138040320
81231991846252545
71039900667121664
64762507773227009
66019308581818368
79608486234980352
81207922694320128
77724677222768640
81210404182970368
81209001096003585
68543993560240129
81230714894606336
78187995649540096
66019994375307264
81230711153258496
81209877126733824
78697185874878464
81434619058323458
81216517947281408
74533471852498944
66006909048983552
80981924535017472
72428829127528448
78701035973279745
80694949970251777
73620208566464512
73619669988417538
66008476879835138
73033940220579840
78186972168089600
81519870719852545
71692143678504960
74628720394244096
66019349400784896
73628135889072128
81230183459512320
73134558591361024
81233822013984768
78700866921852928
81202688349716480
66019254802456577
78695345867194368
78697110796836864
81218081546117120
78690408642977793
81231753555271680
81207879845298176
78207043758243840
64365620276244480
70194503514128384
81208795810013186
77897037649285120
71291205625098241
73794785074528256
78696007854219264
81223204129280000
66008389994831872
79237632514920448
66008432839622656
70201824352980992
72766068885852161
79602679200161792
70551063213953026
79419340933595137
78700556975370240
73625703733805056
66006672569946112
79579467716247552
81201186642100224
78691368400367616
77118573585412096
81201916484579328
81206892996890624
81208928723296256
81202145338327041
66020945287315456
77405728832561152
71291019842600960
65478363394224129
80393544160034816
73093863344234496
81203613596409856
81741760075968512
64387149009911808
66017790851964928
68543313625812992
64356667979350016
78697204304580608
64358039760027649
78699504997781504
78693063637385216
74711472183508993
78199619630419968
73094250583339008
78690443011059712
78690275666632704
74531348133707776
78701331340402688
66020814081122304
75643121972830208
81200102137589760
78176728134189057
79610441804062720
73617796468310016
64380426433994752
78701091963084801
72736606584639488
78703873856159744
81230810071744512
78698964989558784
68543539644252160
78703736861810688
74528146634063872
70519578775855105
81839914515488768
73993366779748352
76709169463627776
72415933651787776
68545403030929408
74910753150476290
73623620276191233
66006713632182273
80694963102584832
70960390500315136
73465161811496960
68032738428780545
66024418049392641
82154954468622336
66011783631343616
70910942051090432
81206918653411329
73627553942016001
66006869165367296
72379861106466816
80725274226114561
81212488827592704
81222174280798209
65853455529824256
82254238643945472
73240966997520384
68545979873538048
70557370864164864
76712965392576512
81219550684979200
82504893027610624
65906793906593793
81422169474916352
81209349340659712
81209409273126912
76077193295630336
66008443195379712
73629183890493440
81215272381583360
78696210971770881
81209141441630208
79980005905682432
78700080942829569
81196811005743104
80282123980017664
79574906242899968
78529187146911744
81202605440950273
81206885153533952
76677132849573888
73624328379625472
78690192661463040
78698387467472896
66008733462192128
77270070436581376
81200009275838465
73464973411745792
78694384964804609
81093070491553792
73628960069844992
78690415467069442
79039589593194497
78482595618488320
73628340004847616
78525029509529600
66008123304189952
78243930778701825
81214661120536576
79612682434801664
81225032719998977
80627562105290752
71971231689228289
64360298719875072
80714055545065473
66013885451620352
65916965072797696
78690904061521920
73629317667819520
81203142353821696
66018767982174208
81392696159371264
81217133184552961
66016032603897856
78897788064407553
73628293301272577
68067642801721344
78541663657828352
81236296502386688
81584277286027265
75623483868200960
81223265961664512
78694174788169728
78862035632590848
75212890225000448
81209562985984000
65113214648979456
79043902105260032
81202556787027968
78693322979586048
78878152648310784
81209706728976384
78703631706386432
64384314050494464
81208927800594432
73691032367468544
66007824917209088
66017536735866880
66019835097022465
78943061314658304
78702056174850050
66018471960805377
64385447527600128
76103213079912448
81293678569848832
67734842142773248
78696019002703872
76447618810814464
81077415801294848
80342582422671361
81209227433230336
81209526025773057
81233258492506112
81389391819587584
78177299876618240
78154818906288128
66007383064072193
73021628256411649
65849049048547328
77617361223720961
78700527380393984
66013758422933506
66007077626478593
81216975134842880
71963895042187265
72438359643168768
82163022946426881
78698276800704512
81209489614999553
66005766533165056
82094610501103616
73623348300767232
75414071555678209
81226419415552000
66007136942317571
81220029519265792
65873057957281792
78702750294417408
81780265187557376
66008438996865026
82123310105890816
81202562650673152
81216913889579008
73619654796640258
81219145825517568
66018215332286465
78506776099831809
80410924336574465
81370152358416384
66006768963452928
78115518361526272
78701919025233920
78225485026562049
81209076245352448
81200663817924609
81238160153247745
80877070659657728
81218678269714432
81204772461613057
73628314956472320
65123568917544960
70112400789147651
74902759864078336
73629286462136321
81420017830531072
74534269671972865
78690170867871744
66020833970515968
81239360152027137
81218518756130816
81209695098109953
71334556424507393
78700679876866048
66009308207652864
78692181105467393
81200315694870529
81212784676962304
70923364103159808
66008431187099648
78536366050566145
66017979704672256
73628322216853506
64390687857442816
81218752097841153
81229566271852544
66018370852900865
81181215698493440
72068190299275264
81233345402695680
76357788097605632
81221362724954112
66007778809237505
78700757177933824
76482483971203072
78187026824065024
80346135212097536
78900153978982400
78314768114675712
78695838848929793
81223493305524225
66017844459364352
73624961895645184
82507715173441536
66012649075671040
78693799683186688
72747999190917121
81208626804744192
66006414712504320
66019711599927296
65478964312154112
71972223214465025
81201548572798976
78173597488963584
82320131818274817
75189243707981824
66017070438318081
70550870657671168
81233018204995584
82471731706748928
78697857898831872
81470960903159809
73620759349821441
81208435263455233
81231069724352512
81204942125400064
79615794981654529
78490992208269312
81233591331459072
82257364922966017
71377742425526272
81227978333515777
80306587794931712
81202061645205504
80117732974292992
78693880201289728
81207491058511872
78937897493143552
81213044694450176
78694295789666305
74493717349928960
81230365550989313
78701353683390465
66013389559050242
81218794166697984
81212956991602688
81201881483100160
78691163571519489
81572442239459328
66018728522153985
77193283367075841
73628203551555584
81208965004058624
74532400975331328
66025228468617216
80347010336833536
80404993485729792
70550924982259712
73817607213707264
78691532578009088
66011891617923072
82076236966543360
81229378840956928
77442833281511424
70339510141083649
64509695260758017
79604363594899456
81806191384330240
81202596507082752
66018620309143552
81207512839512065
78700898517585920
80732315753668608
65491360003022850
66007759020507136
81230506475393026
72972753172578305
81230389634678785
78690233652396032
81409912183480320
66007584478748672
74204028478955520
75640230629412864
81201252920459264
80280031563378688
75274515170770944
72904610693840896
64358982069157888
73637412041138176
65268386612256771
81239038054690816
81588568432332800
82133351672389632
72133455414366209
78184064164843520
78892213880487936
71433222753669120
82450000627666944
81411804108181504
73097383619371009
82513298077257728
73961238243377152
82063890781081600
81205498290159616
66018695982776320
66019515969200128
81231377263263744
66018504349216768
78702101519421440
66007300117524480
75348729185759233
72308715908538368
81199733898756096
71288146505277440
76349529450020864
65478072913522689
78285336536748032
66017997421436928
78691023469154304
81206002910916608
71284867595571200
78279987675021312
68544764636897280
70920610454499328
81845429370908673
72003578983915521
66019525054066688
81201936512352256
81236821272690688
66019585066151936
78702733626212353
78692601848680448
64359140685135872
73630723548135425
81203042114109440
80786315886764032
68545184130187265
82489133026832385
70203651152543747
66007149994979328
66009050861948928
65207130786263040
81217349711298560
78693816686927874
81231349891207169
81200619790286849
78583319274598400
79148907428651008
81214500604510208
66018912807309314
71740693544235008
77044420731736065
78804438216937472
78690917147783168
73630168109084673
81217499175383041
78693511089913856
81234851321348097
81201203800965120
66018617847074816
81208792127418368
75270018600009728
78202800238256128
78699490149941248
82532822021378048
81201286181322752
75636806206619648
81206125250498562
78198231047356416
80456872957861889
81203799538343936
64384781761523712
81203481891061762
81231689302671361
66011277156569088
81211795513315328
80026079265579008
78175966104666112
71967880805425152
75755740960391168
76750586890231809
81214380160905216
82128028676960256
80916629510492160
66013915554148353
66010090806071296
75867956674043904
80459703945314304
78696290332209154
78181332699881473
81236052712660992
66008484467326976
66009574340435968
73629790172880896
73620131143745536
78203590382190593
73628208056303616
78699587411697664
66017785029881857
81203867330809856
81212136799625216
77916845262520321
81238181770760192
78249144818667521
65182965979054081
71407931746484225
65091275322716160
67828454943784960
73958816057946113
81217597062012931
81207459672494080
81207962640900097
81203343026049024
81208638452330496
66019566359572480
81208985723920384
66017779330220032
81208579702669312
71027557312819201
78699630105485312
71968103715876867
81879217052368897
81156116735901697
78699486681268224
66022489336471553
70722924228968448
73628597543518209
78699147349491712
65124134775324672
66005627634192385
68545465844822016
78189146012966912
81222383106846720
78934641140330496
74971983214997505
73629354372112385
78686978490802176
64385242505830400
80352420468957184
73627533343748096
66019804197572608
82487393019797504
80393216853323776
81222134468464640
81209061263302656
81202622872449024
81219435693895680
81221765755609089
66005883109642240
74906305615388672
78188347606192128
71707559972888577
81499489590099968
79576650507165696
71373123276136449
81208737051967488
78699767854837760
81212423295729664
78097607886573568
66010832962977792
81910634608123904
76809441405853697
81217180072722432
79620167942037504
73084759657725952
73622997963141120
71405094534512640
73818044687978496
81209811536228353
78689707095273472
66025123669737472
64387322540867584
81223326036656128
81184141166653440
70558211402694656
79182548972134400
81234996150710274
81207513623838724
81202557302882304
77202923643514880
81217186829754369
78695472002514944
81240928226156544
78654262189826049
73623445570863105
81209311688454144
81207338813681665
76359446915465216
66010165330464768
68542947127517184
81773192156545025
75563273053061121
81899724988510208
66007437061541888
66020592038858752
66019236888592385
74506508173578240
77543699967651840
81210559040921600
79609416229646336
79772031434153984
75005280292896768
81901938465366016
70202729236312064
72743030891016193
81209530681393152
78265913042071553
74232959336710145
72738063576788992
79572272345804800
79991954643091456
78695931803144192
81209284509339648
79987684657098752
74859478920749057
78285811621371905
81187180619554816
81224688686333953
66007141845463040
72736953197727744
73628284593913857
75628184839979009
71036523510034433
78697659822800897
74502946009956352
81203925635846144
81208315235008512
82486151379976193
81212527742324736
66009876611354624
78834276164231168
79979139811295233
66017667782696960
78693932453928960
81210801312251904
81200964717248512
78693754569240576
81211924014231553
64365370975604736
73629778604986369
72490621224669184
78689389078949888
65477961319841792
73280519649148929
68546445349015552
68545167139082240
78691152485982208
82489363776421888
73623457667219456
77774488995131392
81215243319320576
81430979836928000
81193326793220096
78755404391452672
65840443167219712
72003347382870016
78688846138880000
66014040435339264
78699150952423424
79110760615407616
81484349654200320
78172639572791297
81207302595846144
76716789020782592
66006983363686400
78691622898147328
72094658882490370
78194764585168896
81201323728748544
78155364849422336
64356567207018496
68054204461219840
81596120620535809
66012453054853120
66018467951030272
66017895382417408
80706210355216384
78462327986597888
64393094679126016
81203608915582976
80004895245361154
80688167784812544
78699489806020608
80695001329483776
82133750236127232
81209417909182464
78691867329609728
65478071919456256
81207803198586881
79977282036592640
82445925219581952
82210468154052609
81209178506694656
78690593372684289
68544298792329217
81210097113808896
73637277303312384
81046528032305153
81235959083196416
81207093149065216
81210106014093313
81236754562355202
82506157480247296
78695491166306305
73629179633221633
81213343484084224
71484187624009728
78203223674212352
75265919947112448
72367484688449536
80712602826866688
82159444093612033
81238804872302592
74544970935353345
78170657323786240
80355051383844864
81070033792692224
71385487950262272
65476801695481856
81207960170426369
75299851279208448
72915416533741568
81207474591633408
81204799221297152
80044274693181440
81224804239446016
82371689243271168
77060574242144256
77955970917244931
81207193665572864
73103092453023744
70919649140969472
81232068430073857
81239956980543488
81234937816346624
73494308336173056
64380916253196288
64357586225754112
79580950687956993
66011225885384704
73620118955102209
74911003923718144
81201686976425984
81747205750521856
78243094715453440
78177777003790336
73819265561796609
81216361705267200
81208385342816256
78210846515589120
71393748585844736
74141197037535233
81204522002944000
82470567372148738
78699335317217280
80696099289194497
73629896863412225
79588950391672833
82124119807934464
73622105146855424
78690954363801601
74913772764151808
81209357968367618
72738272989999104
81570659509276673
81209778862604289
81209988405825536
81212994509606912
70144571340038144
73629340317007872
82518307737235458
77816516588150784
66006975344181248
64380524136128513
66019078994006016
81203276428898304
81229546319585280
81208255168409603
81213583025049600
78691238716694528
71284212931792896
64682237124161537
68543851960512512
78572029240209408
78694963652902912
66020160377847811
81214082457550849
82310441067614208
78703232375103488
78688402427609088
81202953983401984
66007567051415552
65855552576966656
81230307363389440
81207269947367425
81377304506535936
78696559744958464
81211886571655168
74859431533506560
64387230295535617
81226716548464640
81227165343195136
68539955196235776
81217399141203969
78699714922676225
66000629710348288
66019783070871552
81200442920665089
66011934567591936
71302299718590464
72701983536115712
73634315969564672
78699129829863425
78321597116780545
64759104150056960
78697801514795008
74791541358788608
80797794505629697
73673020574810112
78137022889603072
74634075937509377
66017427243548672
76447547692175360
78693879228198912
75636224280559616
78209131129135104
81208172087631872
81069938653310976
82540237555011584
73294976605548544
81215524006322176
76840171116695552
81014261574471680
73627556500385792
81208825065316352
81210246296768512
80078228305395712
81213836373553152
66009442467336193
73501160121876482
78705512818204672
71990825732857856
79965723566440448
76288627040342016
66017399263338496
66013063409971200
71991220177805312
81213280544378880
66008918200303616
81210166781218816
77518859466485761
78701669841653761
81203899002028034
75638033703243776
78191607901589504
81209271070781440
81742992861605888
70551658960297984
75807570893520896
82092517610512384
70223406144217088
73625262333689856
66007919054172160
81207301752750083
81207666611060736
78211576399990784
77055315801288705
80345557094440960
81239249971912704
78692280539828226
73616394673201153
73024593578987520
78954597131284480
66009115659755520
78697476619796480
66018748520615936
73628507659583488
80006879604011008
73618313856745473
68545646652862465
64357188949643264
81200446204878848
78693276309520385
72376490492502017
81026920772472832
77481334307860480
81215334520213505
81213636116500481
78596309826932736
72304875364737024
73102324022943744
81233214812979200
73627539341598721
82488073256235008
73629824280961024
81837887886532608
64359633553616896
81204046511534080
79577101294149632
81210496340254720
78693862673223680
81214986632036352
78689838469259264
80288865921007616
81210042441039872
78698115324243968
66018091189293056
64549393777692674
73096833930665985
78695181630861312
75672357613891584
81229320888279040
78463818935873536
80882570352562177
80676790982709248
74925759795576832
73627992158703618
72003112900276225
81208323288121344
81229553928036354
82495533350166528
82236006151241728
72734399814471680
78241936198356993
65477371034484736
81203778776514560
81237062269079552
66011450180009984
78697697584103424
66017683704274945
78694861928448000
74506615170338816
66015293508833281
81230684146106368
64387298662711297
65848920895807488
66017536182206465
81217434885062657
66013832360112128
81208862545547264
66023241337438208
81202294663958528
82510415931916288
73635125726068736
80741300972048384
81205995340374016
66012900004085760
81465552486535168
81207433793638401
81846568329977858
78693939944902656
80346009445908480
80863640867328000
66009145342840833
81231351753498624
66019307587792896
73622283257933824
70195519580069888
78578011626336256
78693526881505280
75636210070241280
78544087894216704
66019749453524992
81233296924925952
81212685691424769
78691565780094976
78694313464455168
78693464449277952
78294103210913793
66019219238969344
81206812969553920
81223224731664384
78699216270282752
73395250368126978
68544391138283520
78187549958647808
73097276903718912
66019733976150016
78272189436338177
64349877799632896
78701365528145920
68544737084493824
78694653114974208
81072294681952256
73629466167132160
71284437276753920
78896366497333248
80029718541541376
79994439696965632
74895677639114753
81204493825486848
77580511679361024
81239052659232769
68543741365112832
78258991949733888
66020154723930112
82134621321736192
81209328646025216
81071004597895168
81201872356274176
81215869419843584
76821934412972032
81214282169344000
73626833276637185
75995824636891136
81213838726533120
77083391125897216
73620360391835648
68543703658307584
73624138318794753
71391825937870848
65306507559186432
70654537725452288
66017771369398273
66012715354050560
81870555751673856
78178644411068416
81034751164870656
78698845850308608
73091704653385728
72762596882952192
73639325637808128
80443998445277184
81221418710470656
66007651054927874
81239217860288512
73626620252151808
81234202961641472
76815757012672513
81214741818974209
65476287427653632
80344387256868864
66014332799295488
75390701229338624
73630501661114368
76122875440181248
64855352664272897
81213514263605248
78829309659471872
81208991579136000
78700104821055488
78696289535311872
78187690845298688
81501442890027008
70201559570771968
77150591278919680
81208938491863040
81208494239576064
75638723976691712
78699852080627712
82122375317200896
73607849227599872
81429418490531840
78689486755860480
65848563893411840
82504535744200704
66019958363422720
65859462356168705
81380083463675905
79012882718961665
80391315051044865
79606887802531840
81201864101875712
66018825653846016
81373192918462464
81209524767494144
78703060714831872
78701178923520000
80702274718060544
79576252362858496
65514849489530880
81211229974355968
81206949846519809
78691565591375872
80393076235100161
78701987040092161
72739036462366722
79956471955365888
81209162224398336
78904061300330496
73626391490658306
77071379452977152
66012631551836161
81207348640948224
80339987390005248
78778033470902272
81207518023671808
74874211027566592
71290519613132800
66006487898947584
72386346913927168
81209385692762112
66012364894785537
78694222133510145
81237842640244736
81205798283567104
73625799351386113
75273450186534914
79607566046609408
73782130716733440
74912521976569857
81216623161425920
82283553091817475
81236477759242240
80364436487176192
78703464081027072
81218580118790144
81216768577896448
78699520390877184
73619964436987904
78347767510138881
81223646661881856
82469586097950720
70660471038201856
78169086695333888
80946024270860288
81199939172208642
78701065035591680
73818313945415680
76477517923635200
72027802133921792
81232488355373056
73621205439242240
74993045827022850
66008120116518912
81222544142925824
80490324000247811
66012108689907714
65918346063785984
73628641814409216
71378685351215104
81237082997305344
80686950979543041
66019457412501505
78690691548778496
81203943809794048
81230937154945024
79615411806814208
66006432924180480
75959887106170880
68542377129984000
78190015848685568
73624787450380288
78704966833053697
65868195316523008
81209629813829632
74497839688105985
80067909361405952
70986951123324929
66011141672173569
65982065230098433
74881500153405440
82121224395980800
78689843179319296
66007587016290305
70919430953283584
64387838045995010
74196388428382208
79579732418805761
66007883381616641
70922446402023424
81207955590242304
78701168022417409
75729873798447104
66006881593094144
81194535214145536
78696606326894594
78338968162279424
65475745448095745
81232381522235393
74189633971613696
77514217500184576
81202528525770752
74827824785268736
78701617370890240
80785656798027777
74542883392520192
73629547356229634
81202955774373889
78699814680018944
66009567541493762
73628360443756544
66009401086345217
81237334877868033
78692125077987329
66019747935158272
78693104846442496
65846010560536577
78597146271879168
71283057925160960
64361936243281920
81207397735206912
73628164670361602
81208903326801920
78541349420548096
66015324378910720
77041105658748928
66018012030201856
82510603413123073
66016906382282753
78302434025537536
78174344897142784
81206204417966080
75866014396772352
68454531362791424
81189080203030528
73956926385602561
73143790027976704
78219267755245568
68544374797312000
81225477106458624
70592238692122624
73627986542465024
81212516182859776
78696426693201920
81872504223993857
81208785911435264
81211799992844289
73884725514776576
82558920926986240
66007717928927232
81200789999366145
78226187081814017
81209131459182592
73811515343536128
80351505317937152
81165221768724480
65852924308627456
81207375618707456
81213325670899712
80713745560797184
78690606794420224
82102334358073344
66004477124444160
66006962723508225
78695388087074816
66019333403729920
66011918172033025
68545836973600769
81201653141004291
81236222770556928
78695889721663489
78193393198698496
65498163084423168
81209462893084672
81211678219612160
81208389017083904
81237276446969856
82127554989068288
75271519569383424
81202641767833600
64526863536893952
74506392234622976
74905018689720321
66018359293399040
81218615594217473
68542898247081984
73620194817482752
81207308061040640
80033724210917376
81368543385616384
82506207157587968
82101469698105344
81237224508928000
71997105994268672
81240677805228032
78693416562925568
80830720660209665
73630912946126848
68531899779428352
80291037672923136
68545193047277569
70854984440541184
81203008836468736
81202449119203328
68544477129764864
81202221687316481
79928652709797889
70200365712449537
78692963905200130
78699512191041536
78858731758338048
66018967152914432
82485757836812288
82195775242944512
78699729988665344
78254135214100480
65443535181447169
81209965488185344
73627892623630336
66006864526450689
78697944477646848
78833288816680960
80052241085784064
81213111253901313
81208912810119168
81207225420685312
77849188030885889
78694219918868480
81202778003021824
73617247333261313
66006545595785217
78966233233633280
78167169495752704
78700884135288833
66006653716545536
81201672396996608
66017981311090690
81233578270396416
75640078304874497
75434729706553344
66006654828023809
78321354694471680
78325010932215808
78337987810844672
81234814923251712
73823656842895360
81215070346153985
73629216480165888
66009692926001154
78699169667379200
64750564064780288
81207284455510016
78193508999249920
77706579178455040
65950312742420480
81240057702518784
78209562890780673
80624578197753858
81209583932350464
77491604581314560
78702032816758784
80705793936388097
78696268677046272
68544753861705728
80334667737485312
81218699652272128
81237208163684353
64362772054831104
78205393899405312
81209389220130816
73628696344576000
76020279073312768
66007486357184515
77882618173267968
81209837062778880
81200383646834689
73826672668991488
70200971848110080
66006348786462721
65863489064161280
78699753350893568
82510518138773504
81229362147672064
81229245449506818
81476633892265984
78182682351398912
80812591045427200
81209184869478400
78638989084749826
74896583369691136
78697996776386561
64380723965353984
81212345172672512
81233585824337921
68543237411115008
81207415959478272
81208032966762498
75229005751787520
78700279379595265
78327763758784512
73083520681283584
78700841076543489
66018335973068801
81218956402409472
66020738050973696
81238214989619201
70996814104666112
78900714702958592
71011175510630401
78147262896934912
66008366238285825
78497412777512960
81200756197453825
73085168522690560
82098635392839681
77626228972240896
78698858156462081
78685369820037120
70953576530497536
78690067348238336
74540252863414272
71308036750487554
78691510054551552
72731141972762624
78690997489655808
81232887141425152
70552046308466689
82222396893065216
76687561122439168
81209614672375808
71992299330277376
82504600038727680
81237055537209345
78213411877683200
65123731304247296
81207532045221888
66009473618440194
77874863286718465
71283332211838978
71375140665225216
80281723050688512
81209456563867649
81209317401096193
71991622352801792
82124448033193984
66010943415808001
76736900737810433
78691348682969090
81206746267533314
73629208250970112
81202433738743808
81218641359822848
81207208081358849
66019286612062208
78699374009671680
68545639564509184
81201679003062273
81191401653739520
78229974399913984
81230495205330944
68543008049795072
64359035013824513
78459904358383616
78701441071734784
71968339880370176
73630588306997249
82503089007144960
78701542301278208
73631319068008448
82123011043643392
81202867412971522
81063508349026304
78896098896551936
77878386099515392
66008469741121537
66019780248084480
71030571402575872
78692884427341826
81202312829526016
81230658401529856
81217912628879360
81209384845459457
81236553315418112
81239297845653505
68544984468738048
73051991263461377
78699733826473984
78187997906137090
80865944324583425
78692854404530176
81202624160141312
78694689890705408
68543870264471552
81207849046540288
81209191035113472
78700918645981184
73625171019501568
77878157866475520
73918860409176064
78700314955657216
81204966150402048
81864894217236480
66006143236206592
80068082657435648
64356020768497665
81175549462183937
70196490951512064
78701460029968384
78690590302461953
71994191200436224
80071990255554560
81214875185217536
81203293889757184
81230651745128448
78881201194283008
68544914142826496
71961651609522177
66018533810003970
75974869529157632
78536914434842624
76344940223029248
73625621680619522
78692648682315776
78700201478766593
66017411108048897
82549356684931072
80039110234140672
72426329888587777
68544033238331392
81207349802766336
78694100456726529
78146550402195456
81431171185250304
78694806538448897
81209650449784832
77131989146451968
81207015009193984
81161795114704896
74537286731300864
76795107984334848
72581141221416960
80449562701271041
78699837631279104
75277116545200128
81228781706342400
76159019120852993
70921465723428864
78183946535583745
81211104271052801
81235386413879297
73626961119023104
73629247564181504
78688611580817408
81199990925717504
78692807512207361
80293336336109568
81237106514767873
74956765634301952
77430000074371072
66008829578838017
73629664821927936
78701012229292032
73256476929630209
81233670616440832
81456161519603712
66018659374874625
81202421118054400
78316766545371136
81219020340387840
78692314270429184
81207386230272000
64386844721569792
64393347435864066
66019186082590720
73258096526696449
81208452053204992
78690011303919616
65411453843542017
72001068500058113
74203354198466560
80117449342877696
78691522620760064
81209768687194112
81208403583873025
69934913350344704
81221953782079489
64353544703475712
74905903763353600
80343787744022528
74322311517491201
81498730089738241
66009405389692928
81203456591060993
81200480434577408
71405915250954241
66018527539494913
73092282179710977
66006789913972736
78699993915215874
82124677407117312
73627800697073665
77799008082604032
79636762059911169
81235254456938496
78496383453396992
78689817665511425
64357604789735424
80703357121269760
81216918603972608
81431004163940352
81205022156976128
72376638454927360
81206691531890688
70921281236967424
78699785215029248
72334838419742720
73629312399708160
78693719144148992
66013889322950658
78693030934405120
66017680294309888
81209426826280961
81817668849836032
79984435124310017
66010860867710976
77963750046756864
78701450257293312
78827834380140544
76374164526907392
77021301619101696
78503483395072000
81201348269576192
81207019895537665
81240003998662656
78701214013075456
78701515671629824
77369335968186368
78187369481900032
81206601308205056
82497823092039680
81233389921050624
78702362992369664
82134422327173121
82100881434382337
81213058867023872
81198802960433152
72010940226506753
77917876528611328
78286026206085120
81201797135659008
64386191517446144
78820346104672256
78695230330908672
66018491757899777
81207909842944000
81229420125556738
68543918079512577
81237911212974080
81239694375170048
65850391364243456
81488910007726080
65477788812333056
81208656726851584
68544672504803330
64738412771815424
77043300219228160
79581579997130754
81404150434512898
74291623015813120
81213031696326656
81806124594290688
78193262688751616
81206284529242113
78693622775848960
81228222844674049
82129406770049024
81212260451897344
81201749677109248
78696417281191936
72004782786916352
70203826910826498
81207107514429440
66012983269408768
81381776897105920
80282284298883072
78220667147018240
75339282644254720
78342786627334144
79608465548681216
78700241437925377
80344170675625984
81212668981313537
81199817092800512
72454709426053120
81217141627752448
81430858516684800
78693794499026944
72489859258064896
72329842647146497
70199524414779392
73627206729080832
81206540125933568
80071088392151042
78866025766211584
66015799971033090
81236497174659074
70518624517144576
73628295637565440
81227094321078272
81202266788655105
65848171730182145
66019665584222209
78229659936096257
81240423919783936
78702056720072704
73629627559714816
66016550268715011
79954539274596352
78699032836640769
81202483197943808
74993112721977344
81207217069772800
66013521830625280
73622563844173824
73627233895628800
73127969012654080
82176759958896640
81963182824132608
82132370083573761
78178073016864768
78689371672571904
81202128049463296
66018199293267970
78690838731091969
66018267106783232
66024068454162432
78072224701100032
81207413459664896
78695655482359808
71481536341659648
66017615974658049
78175684100689920
72373329363017728
80307977401442304
66018816124391425
79727420858695683
74269587069476864
78801733490606080
71014350355501057
72908043681320961
79235967640428544
81238812099129345
81210162653982720
81204315479654400
66017594260750336
81208631208763393
78106761309097984
73471765491548160
73628700299755520
82503950093586432
78698843488956418
